Algorithm run (BubbleSort)
| TEST-CASE:|  [19, 22, 82, 25, 59, 65, 39, 99, 79, 98, 64, 63, 11, 76, 58, 96, 93, 91, 14, 42, 42, 61, 97, 20, 18]
|   RESULT: |  [11, 14, 18, 19, 20, 22, 25, 39, 42, 42, 58, 59, 61, 63, 64, 65, 76, 79, 82, 91, 93, 96, 97, 98, 99]
.....................................................................................................................................
Algorithm run (SelectionSort)
| TEST-CASE:|  [6, 13, 14, 26, 32, 60, 61, 63, 74, 77, 82, 84, 94, 101, 121, 130, 133, 140, 160, 162, 171, 172, 175, 188, 189]
|   RESULT: |  [6, 13, 14, 26, 32, 60, 61, 63, 74, 77, 82, 84, 94, 101, 121, 130, 133, 140, 160, 162, 171, 172, 175, 188, 189]
.....................................................................................................................................
Algorithm run (InsertionSort)
| TEST-CASE:|  [88, 116, 65, 123, 152, 153, 167, 175, 168, 198, 182, 5, 177, 185, 141, 158, 111, 137, 167, 0, 12, 171, 64, 41, 0]
|   RESULT: |  [198, 185, 182, 177, 175, 171, 168, 167, 167, 158, 153, 152, 141, 137, 123, 116, 111, 88, 65, 64, 41, 12, 5, 0, 0]
.....................................................................................................................................
